1
0 -72.904599 67.001718 93.773554
0 -55.793191 -38.366590 9.444119
0 -62.323605 98.576260 99.292265
0 93.538987 45.167793 96.221938
0 -78.027650 59.621171 -40.594110
0 -99.043303 -77.507097 27.952671
0 75.686129 0.732536 59.585723
0 -27.741200 -57.615134 36.271908
0 -20.252296 48.129449 -5.048264
0 -15.582464 -65.226966 -39.617375
2
0 -87.696690 -43.317112 0.105991
0 90.510078 86.135051 -0.281425
0 89.895565 35.117134 -0.779226
0 90.712688 64.778110 -0.193113
0 -5.360237 -45.247528 0.322283
0 34.486188 22.528428 -0.459700
0 -26.954616 68.519596 -0.088606
0 -12.921173 -74.429934 -0.546583
0 28.342404 -10.371461 0.300017
0 -66.431528 79.260774 1.022331
3
0 -7.987946 -59.408006 0.485482
0 -7.950332 -34.939112 0.096509
0 6.278530 -3.569444 -0.499807
0 -2.764064 23.187550 -1.021813
0 -10.570609 -39.382524 0.324623
0 18.981449 -46.499113 0.052477
0 0.541443 35.508396 -0.119179
0 -4.650163 47.702615 -0.168640
0 7.423730 -89.182372 -0.908501
0 20.823809 -85.254841 -0.169370
4
0 -8.047592 41.946368 0.868799
0 -0.242396 64.199255 -0.451742
0 5.200189 -74.103332 0.767320
0 -6.331482 -45.770309 0.926220
0 18.212358 -73.309313 -1.023945
0 -10.281149 22.843862 0.869326
0 -2.776417 -98.522271 0.058163
0 -12.362749 69.886306 0.797513
0 15.725902 -90.974943 -0.787978
0 0.646042 56.285547 0.949123
5
0 6.283852 -97.360922 0.872052
0 4.911132 13.878427 0.001872
0 12.661671 -62.393447 -0.230243
0 -3.449675 18.276588 0.380994
0 -12.267308 49.660281 0.173493
0 6.379117 -72.875468 -0.291235
0 6.378437 -44.877350 -0.072222
0 15.583920 4.412910 -0.780710
0 0.414547 16.844818 -0.598504
0 7.258973 -21.765843 -0.016359
6
0 5.176387 11.733746 -0.624610
0 -12.086515 -97.845370 -0.306614
0 -12.163116 3.887221 -0.232263
0 -12.323741 -98.262165 0.050918
0 -12.118538 -99.380727 -0.142333
0 6.161606 -98.637036 -0.669914
0 -12.079553 -18.078834 0.763670
0 -12.083467 -21.909392 -0.817031
0 -12.262217 -96.249778 -0.788393
0 -0.236859 -100.476483 -0.264957
7
0 -12.079795 -98.474189 -0.146353
0 6.243805 4.743708 0.424994
0 -12.166756 -96.638743 0.868793
0 -12.076246 -21.993359 -0.072335
0 6.184306 -97.350767 0.446653
0 6.253282 11.809788 -0.604889
0 -12.103457 11.619109 0.544238
0 -12.227183 -98.392111 -0.786025
0 -11.977128 -98.839953 -0.310901
0 6.096443 3.895100 -0.182059
8
0 -12.042116 11.848300 -0.740229
0 6.070309 11.748985 0.584001
0 6.204519 -98.365986 -0.071912
0 6.116524 -97.420037 -0.305338
0 6.058067 -21.674924 -0.009135
0 6.117570 -97.132059 -0.387411
0 -12.277011 11.861195 -0.769429
0 6.159328 -98.202589 0.150504
0 -12.117080 11.663032 0.964972
0 -12.141420 -96.867560 -0.779873
9
0 6.136977 11.856652 0.822026
0 -12.079307 11.588227 -0.998743
0 -12.219155 12.011585 0.093400
0 -12.034376 11.951168 0.538933
0 6.065480 11.807944 0.751430
0 6.093835 11.729874 0.667947
0 -12.032680 -97.742208 -0.578355
0 -11.944261 11.737720 -0.217425
0 -12.315270 11.948663 0.096017
0 6.156306 11.887651 0.520077
10
0 6.096897 11.689403 0.484348
0 6.149664 11.622873 -0.749125
0 6.045734 11.467555 0.550924
0 6.102195 11.909214 -0.221276
0 6.051145 -97.319055 0.686520
0 6.120605 11.444726 -0.753821
0 6.064938 11.638983 0.096798
0 6.143006 11.974840 0.262829
0 6.059936 11.726765 0.580722
0 6.157807 11.890777 -0.519425
11
0 6.145877 11.553801 -0.009637
0 6.118983 11.702609 0.627478
0 6.159196 11.571813 -0.009433
0 6.069156 11.610003 -0.968733
0 6.126888 11.619414 0.360267
0 6.152140 11.836310 -0.522803
0 6.147843 11.282233 0.808785
0 6.136460 11.592760 -0.508452
0 6.121514 11.473027 0.693116
0 6.171617 11.737090 -0.384041
12
0 6.058509 11.583487 0.199566
0 6.062323 11.719221 -0.763927
0 6.141152 11.933840 0.303403
0 6.180844 11.810902 -0.313677
0 6.153013 11.761257 0.117863
0 6.149149 11.686649 0.548193
0 6.043678 11.737735 -0.791598
0 6.130700 11.779499 -0.621370
0 6.109156 11.662462 -0.784665
0 6.084433 11.340077 0.439161
13
0 6.159464 11.663493 0.165746
0 6.098973 11.752733 0.812708
0 6.106953 11.747180 -0.072570
0 6.137591 11.699323 0.826456
0 6.130429 11.610372 -0.845088
0 6.065445 11.400628 -0.099078
0 6.177319 11.681388 0.833666
0 6.061944 11.885777 0.414327
0 6.134839 11.811228 0.821686
0 6.154549 11.638119 -0.490579
14
0 6.048482 11.747972 0.741236
0 6.078885 11.779161 0.368693
0 6.167536 11.486630 -0.117853
0 6.139973 12.057062 0.511221
0 6.143658 11.867970 0.683302
0 6.087089 11.966345 0.472153
0 6.113901 11.793904 -0.017599
0 6.145391 11.702369 -0.211712
0 6.102778 11.751374 -0.513289
0 6.208798 11.616528 -0.626372
15
0 6.159480 11.627154 -0.622656
0 6.129368 11.569779 0.372382
0 6.098941 11.554685 0.392324
0 6.071057 11.887332 0.815537
0 6.116160 11.866546 0.018719
0 6.077428 11.733034 0.378629
0 6.102487 11.522216 -0.490867
0 6.070605 11.904494 -0.654980
0 6.201027 11.727313 0.201334
0 6.105505 11.738127 0.751069
16
0 6.086068 11.549373 -0.339369
0 6.137165 11.665551 -0.851965
0 6.132074 11.447823 -0.955625
0 6.132074 11.821443 -0.525376
0 6.137776 11.993215 0.496186
0 6.135888 11.747379 -0.097073
0 6.065691 11.850253 0.488278
0 6.109832 11.490132 -0.827977
0 6.120667 11.752049 0.731450
0 6.067602 11.844025 0.018327
17
0 6.135995 11.930384 0.808847
0 6.082518 11.645385 0.498782
0 6.117306 11.560306 0.502499
0 6.105228 11.855214 -0.273494
0 6.151255 11.716447 0.756269
0 6.116857 11.686703 0.277564
0 6.155793 11.628253 0.462580
0 6.092068 11.607974 -0.772148
0 6.075066 11.626215 0.381371
0 6.131420 11.602402 0.374390
18
0 6.143541 11.535485 0.807598
0 6.125284 11.600079 -0.618889
0 6.113254 11.547748 -0.639785
0 6.042322 11.559595 -0.096799
0 6.067873 11.615138 0.823793
0 6.209980 11.587882 -0.651766
0 6.033188 11.673254 -0.611313
0 6.078067 11.753177 0.200662
0 6.136177 11.661305 0.493561
0 6.181018 11.569092 0.817095
19
0 6.115724 11.520286 -0.799544
0 6.073829 11.767865 0.795015
0 6.078866 11.553046 0.477160
0 6.201834 11.675885 0.827839
0 6.117343 11.817038 0.140021
0 6.155961 11.697783 0.487119
0 6.149470 11.751661 -0.607380
0 6.189256 11.732319 -0.619477
0 6.134613 11.656969 0.138436
0 6.135504 11.371907 0.823179
20
0 6.073286 11.667025 -0.472464
0 6.114078 11.571774 -0.049473
0 6.081989 11.676395 0.814543
0 6.163909 11.581538 0.631461
0 6.130203 11.791499 0.827008
0 6.161216 11.711820 0.556233
0 6.045049 11.693436 0.820393
0 6.106091 11.641922 -0.382422
0 6.131029 11.846768 0.372708
0 6.116897 11.672455 0.077636
21
0 6.109965 11.702072 0.765120
0 6.152419 11.712978 0.496174
0 6.125011 11.650817 -0.381599
0 6.148912 11.614319 0.615495
0 6.082733 11.605917 0.818355
0 6.069186 11.815433 0.737714
0 6.079132 11.595087 -0.666737
0 6.183679 11.469589 0.839715
0 6.105419 11.780321 -0.712490
0 6.083900 11.682363 -0.056403
22
0 6.164317 11.641845 -0.009355
0 6.118527 11.624004 0.119515
0 6.104972 11.853636 -0.765101
0 6.083176 11.742427 -0.098147
0 6.143613 11.824056 -0.776108
0 6.151610 11.617892 0.368134
0 6.113999 11.588793 -0.698666
0 6.098501 11.617689 0.300231
0 6.066401 11.870934 -0.305360
0 6.094622 11.989802 -0.673510
23
0 6.175202 11.440678 -0.536266
0 6.165103 11.624635 0.802587
0 6.129823 11.418196 0.276555
0 6.131667 11.650997 -0.746485
0 6.093046 11.734298 -0.380912
0 6.154551 11.534934 -0.867478
0 6.132297 11.652701 -0.383176
0 6.169766 11.820273 0.799542
0 6.167217 11.568555 0.493935
0 6.069639 11.601394 -0.137126
24
0 6.124869 11.393751 0.496288
0 6.111371 11.574890 0.377493
0 6.120769 11.591388 0.724348
0 6.144929 11.610902 -0.722009
0 6.042057 11.749672 0.454218
0 6.058283 11.613270 0.844662
0 6.129700 11.565849 -0.377198
0 6.179687 11.739998 -0.137224
0 6.030218 11.735825 -0.760618
0 6.080933 11.768857 -0.055613
25
0 6.170955 11.606247 -0.766848
0 6.082406 11.440050 0.377469
0 6.158164 11.539683 -0.962982
0 6.081964 11.794233 -0.714636
0 6.099520 11.941812 -0.231164
0 6.154054 11.562417 0.877498
0 6.082400 11.547878 -0.489960
0 6.126316 11.419375 0.138262
0 6.148037 11.430131 -0.534983
0 6.048621 11.725638 0.197857
26
0 6.128127 11.862849 0.204728
0 6.095958 11.905718 -0.142670
0 6.079335 11.778493 -0.774520
0 6.176138 11.338858 0.813401
0 6.108278 11.543524 0.117730
0 6.144658 11.724863 -0.764986
0 6.191713 11.419775 0.202851
0 6.089089 11.432504 0.825636
0 6.043748 11.635796 -0.231363
0 6.098402 11.803658 0.375833
27
0 6.012103 11.798978 -0.139578
0 6.154125 11.672635 0.374412
0 6.112218 12.092178 -0.048539
0 6.073470 11.598191 0.492358
0 6.045494 11.458924 -0.291711
0 6.141528 11.774037 -0.054926
0 6.081870 11.688827 0.376054
0 6.132624 11.444407 0.370658
0 6.059050 11.709038 0.018336
0 6.068926 11.517581 0.495172
28
0 6.065925 11.313517 0.310462
0 6.130594 11.641399 0.571595
0 6.108607 11.395020 0.480880
0 6.120037 11.401153 0.815706
0 6.116142 11.503753 -0.514080
0 6.069400 11.557049 -0.054042
0 6.101029 11.840488 0.818421
0 6.059107 11.754389 -0.761931
0 6.053383 11.618407 -0.606538
0 6.117426 11.619652 -0.385696
29
0 6.048543 11.582209 0.794288
0 6.115335 11.646506 -0.136283
0 6.082469 11.413198 -0.096563
0 6.165254 11.599692 0.078864
0 6.201562 11.641691 0.378241
0 6.163923 11.467879 0.377716
0 6.050503 11.592911 -0.756800
0 6.028369 11.408869 0.380575
0 6.189182 11.742705 -0.057328
0 6.136577 11.617544 0.505188
30
0 6.070873 11.674728 -0.367746
0 6.077122 11.559203 0.481798
0 6.179612 11.567917 0.492781
0 6.139883 11.675278 -0.055300
0 6.136076 11.855644 -0.506177
0 6.037493 11.608532 -0.237711
0 6.163335 11.709378 0.503720
0 6.060068 11.509303 0.488834
0 6.151757 11.648801 0.480731
0 6.027753 11.670273 -0.314252
31
0 6.080843 11.646307 -0.637415
0 6.064818 11.536357 -0.635838
0 6.074374 11.720844 0.509249
0 6.040614 11.591979 -0.055243
0 6.074048 11.409256 0.738919
0 6.136795 11.470634 0.481624
0 6.079591 11.742258 -0.053160
0 6.031072 11.463208 -0.638030
0 6.098655 11.534162 0.157122
0 6.141988 11.707240 0.116030
32
0 6.151524 11.849179 0.472158
0 6.148046 11.707834 0.814115
0 6.151524 11.597208 0.830150
0 6.161421 11.889033 0.310390
0 6.116296 11.429279 -0.374790
0 6.120403 11.985398 -0.624426
0 6.185900 11.590959 0.374231
0 6.111906 11.778054 0.158195
0 6.151239 11.600886 -0.231774
0 6.068188 11.587543 -0.765607
33
0 6.170858 11.603813 -0.637598
0 6.149191 11.509141 0.493391
0 6.081497 11.480932 -0.053199
0 6.097627 11.363445 -0.649010
0 6.112056 11.937946 -0.632368
0 6.105127 11.575898 -0.051866
0 6.067580 11.653362 -0.383413
0 6.135265 11.692759 0.223365
0 6.138297 11.426560 -0.766635
0 6.035792 11.726624 -0.831099
34
0 6.144613 11.721577 0.819791
0 6.106709 11.857571 0.147776
0 6.070649 11.759761 -0.769021
0 6.083559 11.636238 0.333630
0 6.119908 11.725563 0.201072
0 6.049797 11.379936 0.018267
0 6.082721 11.530353 0.816559
0 6.146579 11.978307 0.797863
0 6.089234 11.518468 -0.050306
0 6.145015 11.692667 -0.090607
35
0 6.194328 11.686698 -0.385461
0 6.078754 11.715892 -0.054322
0 6.114963 11.542469 -0.097740
0 6.117640 11.712053 0.473768
0 6.119640 11.852922 -0.831745
0 6.123390 11.550375 -0.655667
0 6.129209 11.785573 0.203099
0 6.159484 11.725347 0.476948
0 6.056599 11.776076 -0.055236
0 6.162752 11.704883 0.486125
36
0 6.142566 11.900731 -0.759409
0 6.107391 11.596915 0.054724
0 6.156311 11.355742 0.317584
0 6.101329 11.355742 0.498637
0 6.037497 11.706329 -0.880149
0 6.169411 11.474593 -0.637760
0 6.155587 11.268691 0.676129
0 6.124168 11.769315 0.477570
0 6.114948 11.770103 -0.320013
0 6.167148 11.821969 0.369487
37
0 6.107907 11.510732 -0.856730
0 6.068048 11.766069 -0.751208
0 6.116194 11.572736 -0.818215
0 6.086530 11.640808 -0.058010
0 6.091346 11.640808 -0.052805
0 6.126632 11.543291 -0.763033
0 6.167049 11.513491 -0.050567
0 6.164010 11.648529 -0.646713
0 6.138257 11.462327 -0.376003
0 6.180130 11.791209 -0.141875
38
0 6.077755 11.875202 -0.315901
0 6.102849 11.622058 -0.807364
0 6.085560 11.453702 -0.054139
0 6.052577 11.517248 0.378946
0 6.110595 11.492197 0.822026
0 6.151426 11.748524 -0.603039
0 6.142871 11.674143 -0.315824
0 6.157741 11.638184 -0.638076
0 6.198948 11.638375 0.822026
0 6.059614 11.449144 -0.768165
39
0 6.089839 11.683703 -0.048846
0 6.136606 11.587683 0.790900
0 6.106497 11.821140 -0.855692
0 6.111454 11.796453 0.776482
0 6.151408 11.706398 0.481426
0 6.089570 11.734126 -0.853232
0 6.163920 11.869947 0.359281
0 6.178803 11.817204 -0.322428
0 6.133673 11.622451 -0.054313
0 6.163876 11.763599 -0.390611
40
0 6.098325 11.730653 -0.287512
0 6.132677 11.601202 -0.057784
0 6.100773 11.828285 0.098578
0 6.140807 11.382612 -0.052519
0 6.104053 11.763151 0.471833
0 6.156506 11.779822 -0.645223
0 6.036322 11.807275 0.462463
0 6.062793 12.010066 0.200585
0 6.164207 11.894522 -0.601008
0 6.127679 11.825860 0.387638
41
0 6.185610 12.060892 0.804034
0 6.150266 11.628799 -0.476259
0 6.158127 11.574018 -0.095093
0 6.145763 11.829104 -0.798981
0 6.141194 11.731003 0.373095
0 6.151713 11.634586 -0.691592
0 6.073688 11.607233 0.489174
0 6.170065 11.907568 0.504672
0 6.033526 11.505492 0.196805
0 6.143455 11.487108 0.513990
42
0 6.181878 11.436317 -0.092485
0 6.122621 11.710121 -0.651363
0 6.132434 11.583082 -0.094439
0 6.135530 11.665639 0.203317
0 6.143193 11.463550 0.461230
0 6.187156 11.417356 -0.327927
0 6.161383 12.041110 -0.137583
0 6.084632 11.926098 0.018366
0 6.063539 11.529968 0.679113
0 6.177948 11.526932 -0.214437
43
0 6.112207 11.964344 0.491117
0 6.081513 11.779714 -0.781370
0 6.028664 11.541514 -0.810778
0 6.123025 11.728660 -0.862292
0 6.115896 11.678522 -0.519281
0 6.142089 11.671903 -0.850925
0 6.052592 11.817679 -0.566772
0 6.103157 11.649745 0.520285
0 6.101406 11.843962 0.500685
0 6.113602 11.887882 0.157232
44
0 6.034868 12.088160 -0.053957
0 6.120278 11.785616 0.495688
0 6.021242 11.621226 0.311189
0 6.044376 11.455238 -0.054327
0 6.083152 11.431851 0.498575
0 6.166502 11.618389 -0.487124
0 6.103887 11.702183 0.363444
0 6.090395 11.621445 0.053936
0 6.022807 11.711664 -0.767241
0 6.062837 11.890375 0.158565
45
0 6.178150 11.604032 0.455418
0 6.165324 11.743209 0.807616
0 6.104161 11.535319 -0.763347
0 6.159397 11.566954 -0.946639
0 6.157054 11.696758 0.304157
0 6.087196 11.900718 -0.807986
0 6.115336 12.083188 0.792154
0 6.138306 11.592883 0.498748
0 6.008800 11.686595 0.363243
0 6.152575 11.486048 -0.891824
46
0 6.130267 11.863398 -0.762332
0 6.032565 11.515606 0.157434
0 6.128912 11.605770 -0.092508
0 6.155961 11.932963 -0.053297
0 6.158593 11.876387 -0.320243
0 6.050427 11.538478 0.478111
0 6.058728 11.753293 0.468011
0 6.133779 11.387269 -0.403375
0 6.183540 11.680057 -0.052251
0 6.042304 11.515606 -0.052354
47
0 6.116471 11.568296 -0.291379
0 6.176390 11.688471 0.854070
0 6.162883 11.419893 0.200188
0 6.094450 11.902242 -0.051847
0 6.066979 11.742749 -0.768993
0 6.056694 11.755977 -0.588684
0 6.134395 11.921280 -0.834506
0 6.111759 11.772472 0.470347
0 6.084400 11.582128 0.803667
0 6.121513 11.726196 -0.053493
48
0 6.133722 11.327894 0.486002
0 6.079847 11.836375 0.198390
0 6.141710 11.479445 0.786868
0 6.135488 11.504300 -0.058376
0 6.070394 11.762867 -0.736067
0 6.185400 11.578643 -0.381459
0 6.117731 11.524657 0.493754
0 6.135160 11.860471 -0.749815
0 6.138348 11.414637 -0.759793
0 6.042618 11.203160 0.198390
49
0 6.075027 11.621215 -0.748513
0 6.027166 11.913497 -0.053205
0 6.064300 11.826269 0.539581
0 6.041040 11.922051 -0.639855
0 6.042889 11.800200 -0.825713
0 6.133840 11.729063 0.488349
0 6.143823 11.736478 0.510934
0 6.172026 11.752186 0.503729
0 6.056890 11.906972 0.518679
0 6.088276 11.569129 -0.049047
50
0 6.118901 11.566839 0.834877
0 6.111769 11.507215 -0.799456
0 6.125894 11.659089 -0.611667
0 6.172339 11.558247 0.354840
0 6.091000 11.797351 -0.214375
0 6.158973 11.424273 -0.293086
0 6.096874 11.742047 0.835140
0 6.100715 11.577020 -0.096601
0 6.101932 11.700843 -0.374218
0 6.134037 11.783674 -0.053194
51
0 6.049328 11.677220 0.475381
0 6.152185 11.661877 0.649681
0 6.066110 11.374899 0.497921
0 6.144351 11.351238 0.201102
0 6.082969 11.703899 -0.053135
0 6.100006 11.683654 -0.090943
0 6.063995 11.531902 0.382434
0 6.053296 11.534743 -0.051973
0 6.122437 11.325046 -0.752311
0 6.171789 11.613049 0.521269
52
0 6.024708 11.335937 0.771999
0 6.106408 11.712957 -0.729965
0 6.110843 11.608931 -0.769755
0 6.166801 11.671209 -0.575800
0 6.078837 11.295138 -0.781176
0 6.136656 12.083303 -0.053811
0 6.151846 11.658827 -0.642012
0 6.121064 11.984100 0.160789
0 6.068447 11.794900 0.202390
0 6.129596 11.756335 -0.782157
53
0 6.143779 11.526100 0.369404
0 6.190683 11.728768 -0.768120
0 6.076155 11.887892 -0.730508
0 6.129197 11.444826 0.351619
0 6.071392 11.709709 0.381359
0 6.088618 11.857900 -0.399662
0 6.067207 11.487764 -0.596863
0 6.072171 11.466470 -0.283979
0 6.058579 11.704199 -0.629290
0 6.106173 11.455855 -0.220506
54
0 6.028390 11.746817 0.492264
0 6.211630 11.965699 0.205634
0 6.065838 11.659711 0.343004
0 6.071933 11.698328 -0.695590
0 6.112498 11.573777 -0.627271
0 6.152853 11.525882 0.375385
0 6.178678 11.841065 -0.141088
0 6.161291 11.584967 -0.406325
0 6.140174 11.834847 -0.641799
0 6.195560 11.667961 -0.052263
55
0 6.192208 11.679641 -0.669290
0 6.074565 11.565746 -0.650829
0 6.144450 11.624009 -0.054367
0 6.056087 11.281926 -0.094488
0 6.183349 11.648707 -0.051071
0 6.114444 11.550958 0.358950
0 6.068394 11.787997 -0.723732
0 6.103411 11.528135 -0.748142
0 6.092984 11.578216 0.337313
0 6.146410 11.606506 -0.590738
56
0 6.113397 11.981117 0.353149
0 6.078520 11.639931 -0.660596
0 6.073991 11.574424 -0.574565
0 6.148105 11.456639 -0.790513
0 6.134767 11.476021 -0.762032
0 6.112716 11.700033 -0.625160
0 6.054967 11.822305 -0.053153
0 6.174666 11.492249 0.385280
0 6.046030 12.007310 0.195147
0 6.138578 11.622797 0.199913
57
0 6.129364 11.847044 -0.052751
0 6.145168 11.666177 0.524576
0 6.098987 11.683626 0.338264
0 6.144611 11.738056 -0.403330
0 6.167584 11.730792 -0.139883
0 6.100983 11.856434 -0.686058
0 6.181485 11.464050 0.804325
0 6.130400 11.582916 -0.591444
0 6.146036 11.722446 0.501901
0 6.153308 11.864102 -0.723855
58
0 6.171721 11.459594 0.491708
0 6.131637 11.633285 -0.673592
0 6.061677 11.598048 0.490236
0 6.066123 11.994014 0.158112
0 6.178976 11.662754 0.207936
0 6.081270 11.535975 0.163940
0 6.141091 11.649439 0.475274
0 6.120729 11.454638 0.521702
0 6.077575 11.451690 -0.050469
0 6.066123 11.669174 -0.052384
59
0 6.166088 11.589834 -0.691850
0 6.061519 11.587203 0.489656
0 6.112427 11.729038 -0.630297
0 6.109906 11.825704 -0.600961
0 6.103615 11.775456 0.377631
0 6.047374 11.706697 0.796286
0 6.065410 11.681757 0.491183
0 6.177479 11.737879 0.372052
0 6.080634 11.624993 -0.652047
0 6.105547 11.508223 0.825162
60
0 6.068242 11.752197 -0.641603
0 6.066501 11.593802 -0.278436
0 6.117983 11.701287 0.149279
0 6.048726 11.465043 0.353444
0 6.045270 11.491042 -0.097487
0 6.028031 11.722021 -0.399383
0 6.108936 11.752787 -0.097463
0 6.091367 11.953832 -0.138455
0 6.175328 11.878627 0.793917
0 6.116858 11.586147 0.346306
61
0 6.074738 11.416633 -0.640467
0 6.139238 11.713441 -0.276209
0 6.028508 11.686815 -0.137578
0 6.131879 11.625649 0.348776
0 6.132870 11.832034 0.477428
0 6.075048 11.560060 -0.396764
0 6.113707 11.650475 0.668374
0 6.111835 11.631700 -0.632621
0 6.096733 11.652317 -0.621467
0 6.127786 11.676844 -0.413092
62
0 6.093933 11.601458 -0.140093
0 6.172132 11.526957 -0.643602
0 6.094323 11.523042 0.339317
0 6.086170 11.767077 -0.050615
0 6.052476 11.977441 -0.603085
0 6.123882 11.619936 0.370347
0 6.119430 11.631619 -0.643602
0 6.103195 11.661361 -0.401596
0 6.072963 11.336970 0.336826
0 6.143711 11.569124 0.200343
63
0 6.045776 11.658841 0.491769
0 6.102803 11.835555 -0.059580
0 6.111135 11.502340 0.339417
0 6.186962 11.773542 -0.052001
0 6.135152 11.798783 -0.732834
0 6.116806 11.521042 0.508868
0 6.145651 11.757205 -0.402022
0 6.050083 11.747170 0.379131
0 6.149799 11.763406 -0.050408
0 6.110875 11.641342 -0.634198
64
0 6.184505 11.630685 -0.812208
0 6.155377 11.602425 -0.687291
0 6.070369 11.553646 -0.059185
0 6.193207 11.457016 0.200832
0 6.090681 11.723353 0.649636
0 6.139025 11.587983 -0.228807
0 6.074500 11.569045 -0.680219
0 6.161356 11.811477 -0.216142
0 6.141690 11.623355 -0.606536
0 6.157048 11.897109 0.337439
65
0 6.060689 11.631043 0.498138
0 6.099886 11.302236 -0.060289
0 6.150618 11.572678 0.378945
0 6.036995 11.847862 0.166466
0 6.092370 11.699523 0.376750
0 6.074533 11.592329 -0.681627
0 6.111205 11.454412 0.795799
0 6.020054 11.650817 0.375743
0 6.130392 11.522371 -0.222784
0 6.073563 11.738446 0.813836
66
0 6.075159 11.475320 -0.054710
0 6.094534 11.751131 -0.775811
0 6.062846 11.596771 -0.605599
0 6.128010 11.510042 -0.603996
0 6.103423 11.741377 -0.217729
0 6.081787 11.611973 0.352363
0 6.047994 11.844358 -0.054581
0 6.098197 11.529323 -0.409215
0 6.063280 11.715600 -0.408407
0 6.124005 11.579915 -0.051217
67
0 6.066554 11.847272 -0.771295
0 6.113855 11.770298 -0.055429
0 6.074826 11.846458 0.360999
0 6.125208 11.842248 0.353932
0 6.168596 11.739425 0.206059
0 6.097863 11.779161 -0.641155
0 6.141330 11.661041 -0.093198
0 6.088605 11.361358 0.355769
0 6.036021 11.869615 -0.052780
0 6.122493 11.789146 -0.393939
68
0 6.094486 11.306193 -0.051776
0 6.119890 11.864647 -0.654681
0 6.103654 11.600152 -0.225691
0 6.133891 11.543684 -0.610273
0 6.140975 11.782725 -0.403879
0 6.135882 11.556774 -0.638439
0 6.026002 11.696774 -0.139194
0 6.171034 11.556210 -0.612583
0 6.099075 11.719378 -0.658857
0 6.073161 11.638287 0.378689
69
0 6.123568 11.347725 0.517464
0 6.152296 11.756638 0.208065
0 6.090566 11.703389 0.501101
0 6.090074 11.851596 -0.408193
0 6.094362 11.621834 0.512816
0 6.118191 11.538690 -0.598688
0 6.089328 11.649698 -0.052910
0 6.067772 11.562162 -0.599944
0 6.157422 11.521473 -0.794212
0 6.165421 11.394969 -0.645703
70
0 6.098227 11.752653 -0.403339
0 6.083276 11.671148 0.844150
0 6.080999 11.627698 -0.411676
0 6.107455 11.707494 -0.217979
0 6.069906 11.569135 -0.392513
0 6.075451 11.510254 -0.141983
0 6.146717 11.551975 0.341685
0 6.141134 11.928315 -0.646347
0 6.140842 11.996969 0.375991
0 6.087249 11.449882 -0.609003
71
0 6.144244 11.348940 -0.230048
0 6.084290 11.656812 -0.643284
0 6.110535 11.923102 -0.580789
0 6.119565 11.819208 -0.399842
0 6.145592 11.680315 -0.225397
0 6.139519 11.437025 -0.225741
0 6.061675 11.500777 0.489041
0 6.159953 11.720605 0.483214
0 6.174991 11.542125 -0.605617
0 6.126076 11.525077 -0.631501
72
0 6.082162 11.536018 -0.091269
0 6.076077 11.548580 0.502790
0 6.131200 11.473076 0.355405
0 6.094757 11.732867 0.340839
0 6.051661 11.553029 -0.769572
0 6.154299 11.895055 -0.051141
0 6.123131 11.739631 -0.627793
0 6.064341 11.758666 -0.052606
0 6.070288 11.478252 -0.587368
0 6.073798 11.777083 0.355390
73
0 6.162160 11.438803 0.201336
0 6.065810 11.534067 -0.599291
0 6.120063 11.766376 -0.402588
0 6.135803 11.790558 0.367020
0 6.028379 11.492597 -0.610162
0 6.069933 11.859201 0.342388
0 6.161292 11.549364 -0.054335
0 6.130891 11.580255 -0.059488
0 6.066975 11.914810 0.342388
0 6.142057 11.790902 -0.224365
74
0 6.128023 11.438399 0.380092
0 6.108208 11.820155 0.828598
0 6.159510 11.511141 -0.744639
0 6.097141 11.433944 0.193186
0 6.086568 11.847558 -0.800875
0 6.181827 11.659176 0.862108
0 6.171328 11.922148 -0.403974
0 6.040854 11.709638 -0.394817
0 6.093531 11.910000 -0.615622
0 6.098440 11.638134 -0.413294
75
0 6.055390 11.676341 0.385985
0 6.193910 12.089494 -0.398866
0 6.152758 11.504689 -0.598263
0 6.194261 11.710360 0.806003
0 6.179392 11.746194 0.844325
0 6.148850 11.866875 0.849476
0 6.031908 11.536621 -0.058121
0 6.060939 11.676450 -0.610855
0 6.075152 11.694516 -0.624672
0 6.102705 11.820805 -0.615152
76
0 6.042924 11.632400 -0.577403
0 6.131111 11.787124 0.505378
0 6.059125 11.542297 0.640398
0 6.105670 11.887558 0.356636
0 6.116094 11.630722 -0.138428
0 6.075886 11.761570 0.118903
0 6.102466 11.528072 -0.601897
0 6.123754 11.848096 -0.385759
0 6.054758 11.522476 -0.592056
0 6.154678 11.476671 -0.058915
77
0 6.163574 11.615276 0.865081
0 6.142070 11.568686 0.338974
0 6.024678 11.723356 0.337836
0 6.125234 11.539372 -0.594526
0 6.034788 11.773093 -0.659944
0 6.115808 11.511148 0.498661
0 6.127151 11.602743 0.330807
0 6.072286 11.424051 0.342852
0 6.037953 11.632339 -0.093660
0 6.136378 11.881694 0.498661
78
0 6.129165 11.677591 -0.235211
0 6.075105 11.622474 0.675393
0 6.129165 11.682743 -0.407403
0 6.127642 11.518499 0.501646
0 6.108443 11.607193 -0.294125
0 6.157953 11.753641 -0.059249
0 6.145327 11.703497 -0.587500
0 6.062396 11.790787 -0.052545
0 6.084797 11.461459 0.368561
0 6.057816 11.554938 0.195250
79
0 6.146242 11.645817 -0.613019
0 6.121642 11.348273 0.358704
0 6.094535 11.676046 -0.598072
0 6.076249 11.838732 0.361362
0 6.139185 11.796687 -0.053712
0 6.059500 11.626588 0.348472
0 6.177037 11.636177 -0.054997
0 6.095488 11.696459 0.194906
0 6.025094 11.851969 -0.664846
0 6.095748 11.646415 0.670685
80
0 6.124451 11.546989 -0.055788
0 6.056079 11.650943 0.838075
0 6.104705 11.766033 0.202431
0 6.048124 11.446756 -0.058059
0 6.116555 11.462848 0.524377
0 6.115524 11.872239 -0.058064
0 6.104999 11.596881 -0.092747
0 6.109566 11.581472 -0.090803
0 6.115446 11.372492 -0.091914
0 6.135905 11.518109 -0.760264
81
0 6.086677 11.701043 0.371747
0 6.105220 11.742013 -0.625923
0 6.045426 11.420640 -0.639559
0 6.115671 11.407310 -0.094068
0 6.070274 11.571502 0.627357
0 6.095193 11.603506 -0.232982
0 6.111912 11.681448 -0.792865
0 6.082596 11.494683 -0.286013
0 6.034072 11.485413 0.868716
0 6.106920 11.568186 -0.659121
82
0 6.079874 11.942322 -0.229630
0 6.125572 11.585533 0.189500
0 6.095844 11.689340 0.656388
0 6.067602 11.638386 -0.096563
0 6.061233 11.543662 -0.231801
0 6.038960 11.490136 -0.290216
0 6.101511 11.482213 -0.632983
0 6.111128 11.464937 -0.097143
0 6.150485 11.566707 -0.404208
0 6.066150 11.880623 -0.289779
83
0 6.078508 11.622551 0.358188
0 6.130905 11.586801 -0.058608
0 6.122004 11.553138 0.849026
0 6.069132 11.654898 -0.582076
0 6.152700 11.701490 0.504627
0 6.166185 11.457989 0.538523
0 6.150314 11.798976 -0.661960
0 6.158123 11.337534 0.368289
0 6.042056 11.441929 0.357194
0 6.141909 11.621283 0.504667
84
0 6.110494 11.475057 -0.642529
0 6.116457 11.487931 0.837190
0 6.137681 11.521572 -0.229813
0 6.105924 11.453234 -0.058697
0 6.136816 11.690005 -0.232930
0 6.085225 11.804901 -0.815700
0 6.075874 11.384305 -0.053162
0 6.098875 11.477391 0.337520
0 6.102288 11.871053 0.491575
0 6.068196 11.455248 0.877502
85
0 6.119270 11.551825 -0.797382
0 6.056923 11.684497 -0.230055
0 6.054575 11.836338 0.480415
0 6.076571 11.579101 0.621481
0 6.156825 11.767777 -0.054023
0 6.046257 11.420679 -0.609151
0 6.106605 11.573226 -0.232647
0 6.099515 11.457658 -0.651268
0 6.142653 11.526598 -0.058502
0 6.147337 11.717239 -0.605646
86
0 6.127732 11.668434 0.496064
0 6.032372 11.556238 0.538598
0 6.144445 11.252400 0.529307
0 6.095729 11.806721 -0.403690
0 6.134887 11.582864 0.379542
0 6.056260 11.561471 -0.232907
0 6.133549 11.268752 0.527275
0 6.054355 11.534653 -0.052379
0 6.059465 11.830878 -0.280798
0 6.099523 11.474161 -0.570070
87
0 6.109918 11.860656 -0.785542
0 6.111627 11.640168 -0.607269
0 6.142724 11.627930 0.344706
0 6.032726 11.894911 0.829668
0 6.087268 11.538160 0.354341
0 6.040842 11.752405 0.654927
0 6.049349 11.643760 -0.596872
0 6.046374 11.607309 -0.096644
0 6.082783 11.530488 0.355725
0 6.107623 11.445408 -0.228713
88
0 6.156212 11.828122 0.331707
0 6.096195 11.460272 -0.058847
0 6.177936 11.453385 0.334486
0 6.107400 11.427485 0.331707
0 6.031466 11.868404 -0.053069
0 6.059628 11.615874 -0.285000
0 6.114843 11.742551 0.494683
0 6.113659 11.651517 -0.231889
0 6.079176 11.936516 -0.415797
0 6.065077 11.528528 -0.619273
89
0 6.013628 11.822575 -0.277488
0 6.054711 11.629272 0.330727
0 6.033249 11.764506 -0.096605
0 6.145219 11.509893 -0.613793
0 6.114008 11.478443 -0.290492
0 6.145216 11.573290 -0.096411
0 6.038358 11.619338 -0.405627
0 6.021804 11.475334 0.812020
0 6.198801 11.421585 -0.714280
0 6.078923 11.215790 0.494328
90
0 6.207341 11.651606 0.375218
0 6.142259 11.571833 0.119726
0 6.126579 11.672056 -0.052806
0 6.060596 11.556499 -0.587688
0 6.130457 11.682734 0.827989
0 6.038334 11.688171 -0.237148
0 6.132003 11.679082 0.510930
0 6.056848 11.710060 0.367293
0 6.003432 11.514791 0.486214
0 6.103456 11.872882 0.490102
91
0 6.079730 11.651198 -0.094723
0 6.105835 11.750718 -0.093733
0 6.145659 11.676627 -0.097452
0 6.062136 11.427841 -0.231306
0 6.065143 11.514139 0.336673
0 6.145558 11.415358 -0.625308
0 6.146188 11.656251 0.855488
0 6.118170 11.658166 -0.231272
0 6.126206 11.774381 0.519052
0 6.144953 11.477983 -0.412221
92
0 6.161128 11.590949 0.476111
0 6.097753 11.781388 -0.630492
0 6.096546 11.446496 -0.051876
0 6.136848 11.797877 -0.054550
0 6.145337 11.680953 -0.055055
0 6.076821 11.619459 -0.232914
0 6.110156 11.762194 0.338317
0 6.065315 11.667257 -0.234428
0 6.138194 11.704010 -0.617565
0 6.108249 11.363368 0.678124
93
0 6.187809 11.656967 0.334772
0 6.110434 11.684361 -0.052987
0 6.129286 11.676676 -0.056170
0 6.088192 11.732292 0.502523
0 6.106411 11.852059 -0.055887
0 6.041391 11.571942 0.343938
0 6.147034 11.498672 -0.232733
0 6.132129 11.394844 0.521299
0 6.055082 11.746525 -0.057089
0 6.089220 11.577195 -0.056920
94
0 6.159149 11.761928 0.518228
0 6.102044 11.383091 0.354565
0 6.077095 11.670295 0.514636
0 6.115603 11.431437 0.517881
0 6.069931 11.436715 -0.781369
0 6.084422 11.818938 0.533437
0 6.133284 11.588966 0.502905
0 6.169551 11.751967 -0.407157
0 6.069519 11.591651 -0.057217
0 6.145476 11.581667 -0.058208
95
0 6.186970 11.447189 0.507002
0 6.104661 11.469749 -0.137631
0 6.111788 11.599450 0.479068
0 6.040382 11.661228 -0.615520
0 6.050970 11.752130 0.872555
0 6.046478 11.782518 0.859720
0 6.111278 11.903278 0.520732
0 6.064222 11.634916 -0.057111
0 6.068397 11.655391 -0.403732
0 6.133370 11.646013 -0.224336
96
0 6.145999 11.369653 0.853403
0 6.083594 11.639018 0.510325
0 6.049696 11.430276 -0.057776
0 6.066840 11.591471 -0.679173
0 6.112584 11.341716 -0.055736
0 6.128694 11.684267 0.329436
0 6.129384 11.767131 0.837435
0 6.179149 11.747500 0.360015
0 6.115034 11.724518 -0.056780
0 6.039901 11.385027 0.480779
97
0 6.078596 11.548628 0.852391
0 6.138220 11.557225 -0.240098
0 6.059275 11.876962 -0.055662
0 6.106210 11.574530 -0.141454
0 6.121619 11.455642 -0.230301
0 6.089213 11.446180 0.875567
0 6.101889 11.494599 0.497567
0 6.084219 11.309038 -0.053717
0 6.098521 11.783790 -0.053911
0 6.035671 11.611466 0.492082
98
0 6.150116 11.530350 -0.228737
0 6.074507 11.563544 0.516332
0 6.066683 11.536943 -0.098196
0 6.093640 11.630543 -0.373748
0 6.119377 11.540400 0.114851
0 6.007934 11.731845 0.362188
0 6.113372 11.502045 0.366900
0 6.148519 11.599527 0.376177
0 6.150116 11.768377 -0.224571
0 6.058052 11.862970 0.378440
99
0 6.150810 11.238514 0.472764
0 6.115863 11.660586 -0.224285
0 6.151448 11.513483 0.863634
0 6.112407 11.606515 -0.059468
0 6.065279 11.626839 -0.653375
0 6.057862 11.529698 0.501168
0 6.161330 11.710362 0.114396
0 6.112441 11.594828 -0.270536
0 6.123022 11.622058 0.847403
0 6.103661 11.397469 -0.096837
100
0 6.146238 11.645833 0.868799
0 6.093311 11.610178 0.117841
0 6.015637 11.554469 0.503922
0 6.181288 11.421952 -0.668770
0 6.051113 11.512605 -0.230126
0 6.076763 11.513862 -0.054647
0 6.010120 11.844343 0.116631
0 6.010567 11.732172 -0.625407
0 6.053870 12.048508 0.368983
0 6.088344 11.514001 0.856275
